183.00 -21.00 0.00 0.00 0.00 0.00 0.00 0.00 0.00 0.00 0.00 0.00 0.00 0.00 0.00 0.00 0.00 0.00 0.00 0.00 0.00 0.00 0.00 0.00 0.00 0.00 0.00 0.00 0.00 0.00 0.00 0.00 0.00 0.00 0.00 0.00 0.00 0.00 0.00 0.00 
227.00 -26.00 0.00 0.00 0.00 0.00 0.00 0.00 0.00 0.00 0.00 0.00 0.00 0.00 0.00 0.00 0.00 0.00 0.00 0.00 0.00 0.00 0.00 0.00 0.00 0.00 0.00 0.00 0.00 0.00 0.00 0.00 0.00 0.00 0.00 0.00 0.00 0.00 0.00 0.00 
136.00 -24.00 0.00 0.00 0.00 0.00 0.00 0.00 0.00 0.00 0.00 0.00 0.00 0.00 0.00 0.00 0.00 0.00 0.00 0.00 0.00 0.00 0.00 0.00 0.00 0.00 0.00 0.00 0.00 0.00 0.00 0.00 0.00 0.00 0.00 0.00 0.00 0.00 0.00 0.00 
180.00 -29.00 0.00 0.00 0.00 0.00 0.00 0.00 0.00 0.00 0.00 0.00 0.00 0.00 0.00 0.00 0.00 0.00 0.00 0.00 0.00 0.00 0.00 0.00 0.00 0.00 0.00 0.00 0.00 0.00 0.00 0.00 0.00 0.00 0.00 0.00 0.00 0.00 0.00 0.00 
130.00 -32.00 0.00 0.00 0.00 0.00 0.00 0.00 0.00 0.00 0.00 0.00 0.00 0.00 0.00 0.00 0.00 0.00 0.00 0.00 0.00 0.00 0.00 0.00 0.00 0.00 0.00 0.00 0.00 0.00 0.00 0.00 0.00 0.00 0.00 0.00 0.00 0.00 0.00 0.00 
130.00 -32.00 17.00 -49.00 8.00 -15.00 -4.00 15.00 -6.00 9.00 -12.00 -17.00 -22.00 34.00 -6.00 18.00 -9.00 -25.00 -3.00 -12.00 0.00 0.00 0.00 0.00 0.00 0.00 0.00 0.00 0.00 0.00 0.00 0.00 0.00 0.00 0.00 0.00 0.00 0.00 0.00 0.00 
130.00 -32.00 -67.00 37.00 -3.00 -6.00 -31.00 -78.00 -5.00 -3.00 -12.00 -17.00 -9.00 -17.00 0.00 -8.00 -5.00 36.00 -7.00 -1.00 0.00 0.00 0.00 0.00 0.00 0.00 0.00 0.00 0.00 0.00 0.00 0.00 0.00 0.00 0.00 0.00 0.00 0.00 0.00 0.00 
154.00 -32.00 -48.00 -6.00 -3.00 -6.00 -25.00 -7.00 -10.00 -2.00 -12.00 -17.00 -18.00 3.00 0.00 -8.00 -5.00 22.00 -7.00 -1.00 0.00 0.00 0.00 0.00 0.00 0.00 0.00 0.00 0.00 0.00 0.00 0.00 0.00 0.00 0.00 0.00 0.00 0.00 0.00 0.00 
173.00 -32.00 -8.00 -6.00 -3.00 -6.00 10.00 -1.00 -10.00 -2.00 54.00 -11.00 -7.00 10.00 -1.00 -18.00 9.00 3.00 3.00 -11.00 0.00 0.00 0.00 0.00 0.00 0.00 0.00 0.00 0.00 0.00 0.00 0.00 0.00 0.00 0.00 0.00 0.00 0.00 0.00 0.00 
189.00 -39.00 -8.00 -6.00 -3.00 -6.00 10.00 -1.00 -10.00 -2.00 -1.00 -4.00 -3.00 18.00 -11.00 -23.00 -3.00 3.00 -4.00 -15.00 0.00 0.00 0.00 0.00 0.00 0.00 0.00 0.00 0.00 0.00 0.00 0.00 0.00 0.00 0.00 0.00 0.00 0.00 0.00 0.00 
189.00 -39.00 -8.00 -6.00 -3.00 -6.00 10.00 -1.00 -10.00 -2.00 44.00 -9.00 -3.00 18.00 -11.00 -23.00 -3.00 3.00 -4.00 -15.00 0.00 0.00 0.00 0.00 0.00 0.00 0.00 0.00 0.00 0.00 0.00 0.00 0.00 0.00 0.00 0.00 0.00 0.00 0.00 0.00 
189.00 -39.00 -8.00 -6.00 -3.00 -6.00 10.00 -1.00 -10.00 -2.00 -56.00 -15.00 -3.00 18.00 -11.00 -23.00 -3.00 3.00 -4.00 -15.00 0.00 0.00 0.00 0.00 0.00 0.00 0.00 0.00 0.00 0.00 0.00 0.00 0.00 0.00 0.00 0.00 0.00 0.00 0.00 0.00 
189.00 -39.00 -8.00 -6.00 -3.00 -6.00 10.00 -1.00 -10.00 -2.00 -6.00 -11.00 -3.00 18.00 -11.00 -23.00 -3.00 3.00 -4.00 -15.00 0.00 0.00 0.00 0.00 0.00 0.00 0.00 0.00 0.00 0.00 0.00 0.00 0.00 0.00 0.00 0.00 0.00 0.00 0.00 0.00 
183.00 -21.00 0.00 0.00 0.00 0.00 0.00 0.00 0.00 0.00 0.00 0.00 0.00 0.00 0.00 0.00 0.00 0.00 0.00 0.00 0.00 0.00 0.00 0.00 0.00 0.00 0.00 0.00 0.00 0.00 0.00 0.00 0.00 0.00 0.00 0.00 0.00 0.00 0.00 0.00 
227.00 -26.00 0.00 0.00 0.00 0.00 0.00 0.00 0.00 0.00 0.00 0.00 0.00 0.00 0.00 0.00 0.00 0.00 0.00 0.00 0.00 0.00 0.00 0.00 0.00 0.00 0.00 0.00 0.00 0.00 0.00 0.00 0.00 0.00 0.00 0.00 0.00 0.00 0.00 0.00 
136.00 -24.00 0.00 0.00 0.00 0.00 0.00 0.00 0.00 0.00 0.00 0.00 0.00 0.00 0.00 0.00 0.00 0.00 0.00 0.00 0.00 0.00 0.00 0.00 0.00 0.00 0.00 0.00 0.00 0.00 0.00 0.00 0.00 0.00 0.00 0.00 0.00 0.00 0.00 0.00 
180.00 -29.00 0.00 0.00 0.00 0.00 0.00 0.00 0.00 0.00 0.00 0.00 0.00 0.00 0.00 0.00 0.00 0.00 0.00 0.00 0.00 0.00 0.00 0.00 0.00 0.00 0.00 0.00 0.00 0.00 0.00 0.00 0.00 0.00 0.00 0.00 0.00 0.00 0.00 0.00 
130.00 -32.00 0.00 0.00 0.00 0.00 0.00 0.00 0.00 0.00 0.00 0.00 0.00 0.00 0.00 0.00 0.00 0.00 0.00 0.00 0.00 0.00 0.00 0.00 0.00 0.00 0.00 0.00 0.00 0.00 0.00 0.00 0.00 0.00 0.00 0.00 0.00 0.00 0.00 0.00 
130.00 -32.00 17.00 -49.00 8.00 -15.00 -4.00 15.00 -6.00 9.00 -12.00 -17.00 -22.00 34.00 -6.00 18.00 -9.00 -25.00 -3.00 -12.00 0.00 0.00 0.00 0.00 0.00 0.00 0.00 0.00 0.00 0.00 0.00 0.00 0.00 0.00 0.00 0.00 0.00 0.00 0.00 0.00 
130.00 -32.00 -67.00 37.00 -3.00 -6.00 -31.00 -78.00 -5.00 -3.00 -12.00 -17.00 -9.00 -17.00 0.00 -8.00 -5.00 36.00 -7.00 -1.00 0.00 0.00 0.00 0.00 0.00 0.00 0.00 0.00 0.00 0.00 0.00 0.00 0.00 0.00 0.00 0.00 0.00 0.00 0.00 0.00 
154.00 -32.00 -48.00 -6.00 -3.00 -6.00 -25.00 -7.00 -10.00 -2.00 -12.00 -17.00 -18.00 3.00 0.00 -8.00 -5.00 22.00 -7.00 -1.00 0.00 0.00 0.00 0.00 0.00 0.00 0.00 0.00 0.00 0.00 0.00 0.00 0.00 0.00 0.00 0.00 0.00 0.00 0.00 0.00 
173.00 -32.00 -8.00 -6.00 -3.00 -6.00 10.00 -1.00 -10.00 -2.00 54.00 -11.00 -7.00 10.00 -1.00 -18.00 9.00 3.00 3.00 -11.00 0.00 0.00 0.00 0.00 0.00 0.00 0.00 0.00 0.00 0.00 0.00 0.00 0.00 0.00 0.00 0.00 0.00 0.00 0.00 0.00 
189.00 -39.00 -8.00 -6.00 -3.00 -6.00 10.00 -1.00 -10.00 -2.00 -1.00 -4.00 -3.00 18.00 -11.00 -23.00 -3.00 3.00 -4.00 -15.00 0.00 0.00 0.00 0.00 0.00 0.00 0.00 0.00 0.00 0.00 0.00 0.00 0.00 0.00 0.00 0.00 0.00 0.00 0.00 0.00 
189.00 -39.00 -8.00 -6.00 -3.00 -6.00 10.00 -1.00 -10.00 -2.00 44.00 -9.00 -3.00 18.00 -11.00 -23.00 -3.00 3.00 -4.00 -15.00 0.00 0.00 0.00 0.00 0.00 0.00 0.00 0.00 0.00 0.00 0.00 0.00 0.00 0.00 0.00 0.00 0.00 0.00 0.00 0.00 
189.00 -39.00 -8.00 -6.00 -3.00 -6.00 10.00 -1.00 -10.00 -2.00 -56.00 -15.00 -3.00 18.00 -11.00 -23.00 -3.00 3.00 -4.00 -15.00 0.00 0.00 0.00 0.00 0.00 0.00 0.00 0.00 0.00 0.00 0.00 0.00 0.00 0.00 0.00 0.00 0.00 0.00 0.00 0.00 
189.00 -39.00 -8.00 -6.00 -3.00 -6.00 10.00 -1.00 -10.00 -2.00 -6.00 -11.00 -3.00 18.00 -11.00 -23.00 -3.00 3.00 -4.00 -15.00 0.00 0.00 0.00 0.00 0.00 0.00 0.00 0.00 0.00 0.00 0.00 0.00 0.00 0.00 0.00 0.00 0.00 0.00 0.00 0.00 
183.00 -21.00 0.00 0.00 0.00 0.00 0.00 0.00 0.00 0.00 0.00 0.00 0.00 0.00 0.00 0.00 0.00 0.00 0.00 0.00 0.00 0.00 0.00 0.00 0.00 0.00 0.00 0.00 0.00 0.00 0.00 0.00 0.00 0.00 0.00 0.00 0.00 0.00 0.00 0.00 
227.00 -26.00 0.00 0.00 0.00 0.00 0.00 0.00 0.00 0.00 0.00 0.00 0.00 0.00 0.00 0.00 0.00 0.00 0.00 0.00 0.00 0.00 0.00 0.00 0.00 0.00 0.00 0.00 0.00 0.00 0.00 0.00 0.00 0.00 0.00 0.00 0.00 0.00 0.00 0.00 
136.00 -24.00 0.00 0.00 0.00 0.00 0.00 0.00 0.00 0.00 0.00 0.00 0.00 0.00 0.00 0.00 0.00 0.00 0.00 0.00 0.00 0.00 0.00 0.00 0.00 0.00 0.00 0.00 0.00 0.00 0.00 0.00 0.00 0.00 0.00 0.00 0.00 0.00 0.00 0.00 
180.00 -29.00 0.00 0.00 0.00 0.00 0.00 0.00 0.00 0.00 0.00 0.00 0.00 0.00 0.00 0.00 0.00 0.00 0.00 0.00 0.00 0.00 0.00 0.00 0.00 0.00 0.00 0.00 0.00 0.00 0.00 0.00 0.00 0.00 0.00 0.00 0.00 0.00 0.00 0.00 
130.00 -32.00 0.00 0.00 0.00 0.00 0.00 0.00 0.00 0.00 0.00 0.00 0.00 0.00 0.00 0.00 0.00 0.00 0.00 0.00 0.00 0.00 0.00 0.00 0.00 0.00 0.00 0.00 0.00 0.00 0.00 0.00 0.00 0.00 0.00 0.00 0.00 0.00 0.00 0.00 
130.00 -32.00 17.00 -49.00 8.00 -15.00 -4.00 15.00 -6.00 9.00 -12.00 -17.00 -22.00 34.00 -6.00 18.00 -9.00 -25.00 -3.00 -12.00 0.00 0.00 0.00 0.00 0.00 0.00 0.00 0.00 0.00 0.00 0.00 0.00 0.00 0.00 0.00 0.00 0.00 0.00 0.00 0.00 
130.00 -32.00 -67.00 37.00 -3.00 -6.00 -31.00 -78.00 -5.00 -3.00 -12.00 -17.00 -9.00 -17.00 0.00 -8.00 -5.00 36.00 -7.00 -1.00 0.00 0.00 0.00 0.00 0.00 0.00 0.00 0.00 0.00 0.00 0.00 0.00 0.00 0.00 0.00 0.00 0.00 0.00 0.00 0.00 
154.00 -32.00 -48.00 -6.00 -3.00 -6.00 -25.00 -7.00 -10.00 -2.00 -12.00 -17.00 -18.00 3.00 0.00 -8.00 -5.00 22.00 -7.00 -1.00 0.00 0.00 0.00 0.00 0.00 0.00 0.00 0.00 0.00 0.00 0.00 0.00 0.00 0.00 0.00 0.00 0.00 0.00 0.00 0.00 
173.00 -32.00 -8.00 -6.00 -3.00 -6.00 10.00 -1.00 -10.00 -2.00 54.00 -11.00 -7.00 10.00 -1.00 -18.00 9.00 3.00 3.00 -11.00 0.00 0.00 0.00 0.00 0.00 0.00 0.00 0.00 0.00 0.00 0.00 0.00 0.00 0.00 0.00 0.00 0.00 0.00 0.00 0.00 
189.00 -39.00 -8.00 -6.00 -3.00 -6.00 10.00 -1.00 -10.00 -2.00 -1.00 -4.00 -3.00 18.00 -11.00 -23.00 -3.00 3.00 -4.00 -15.00 0.00 0.00 0.00 0.00 0.00 0.00 0.00 0.00 0.00 0.00 0.00 0.00 0.00 0.00 0.00 0.00 0.00 0.00 0.00 0.00 
189.00 -39.00 -8.00 -6.00 -3.00 -6.00 10.00 -1.00 -10.00 -2.00 44.00 -9.00 -3.00 18.00 -11.00 -23.00 -3.00 3.00 -4.00 -15.00 0.00 0.00 0.00 0.00 0.00 0.00 0.00 0.00 0.00 0.00 0.00 0.00 0.00 0.00 0.00 0.00 0.00 0.00 0.00 0.00 
189.00 -39.00 -8.00 -6.00 -3.00 -6.00 10.00 -1.00 -10.00 -2.00 -56.00 -15.00 -3.00 18.00 -11.00 -23.00 -3.00 3.00 -4.00 -15.00 0.00 0.00 0.00 0.00 0.00 0.00 0.00 0.00 0.00 0.00 0.00 0.00 0.00 0.00 0.00 0.00 0.00 0.00 0.00 0.00 
189.00 -39.00 -8.00 -6.00 -3.00 -6.00 10.00 -1.00 -10.00 -2.00 -6.00 -11.00 -3.00 18.00 -11.00 -23.00 -3.00 3.00 -4.00 -15.00 0.00 0.00 0.00 0.00 0.00 0.00 0.00 0.00 0.00 0.00 0.00 0.00 0.00 0.00 0.00 0.00 0.00 0.00 0.00 0.00 
183.00 -21.00 0.00 0.00 0.00 0.00 0.00 0.00 0.00 0.00 0.00 0.00 0.00 0.00 0.00 0.00 0.00 0.00 0.00 0.00 0.00 0.00 0.00 0.00 0.00 0.00 0.00 0.00 0.00 0.00 0.00 0.00 0.00 0.00 0.00 0.00 0.00 0.00 0.00 0.00 
227.00 -26.00 0.00 0.00 0.00 0.00 0.00 0.00 0.00 0.00 0.00 0.00 0.00 0.00 0.00 0.00 0.00 0.00 0.00 0.00 0.00 0.00 0.00 0.00 0.00 0.00 0.00 0.00 0.00 0.00 0.00 0.00 0.00 0.00 0.00 0.00 0.00 0.00 0.00 0.00 
136.00 -24.00 0.00 0.00 0.00 0.00 0.00 0.00 0.00 0.00 0.00 0.00 0.00 0.00 0.00 0.00 0.00 0.00 0.00 0.00 0.00 0.00 0.00 0.00 0.00 0.00 0.00 0.00 0.00 0.00 0.00 0.00 0.00 0.00 0.00 0.00 0.00 0.00 0.00 0.00 
180.00 -29.00 0.00 0.00 0.00 0.00 0.00 0.00 0.00 0.00 0.00 0.00 0.00 0.00 0.00 0.00 0.00 0.00 0.00 0.00 0.00 0.00 0.00 0.00 0.00 0.00 0.00 0.00 0.00 0.00 0.00 0.00 0.00 0.00 0.00 0.00 0.00 0.00 0.00 0.00 
130.00 -32.00 0.00 0.00 0.00 0.00 0.00 0.00 0.00 0.00 0.00 0.00 0.00 0.00 0.00 0.00 0.00 0.00 0.00 0.00 0.00 0.00 0.00 0.00 0.00 0.00 0.00 0.00 0.00 0.00 0.00 0.00 0.00 0.00 0.00 0.00 0.00 0.00 0.00 0.00 
130.00 -32.00 17.00 -49.00 8.00 -15.00 -4.00 15.00 -6.00 9.00 -12.00 -17.00 -22.00 34.00 -6.00 18.00 -9.00 -25.00 -3.00 -12.00 0.00 0.00 0.00 0.00 0.00 0.00 0.00 0.00 0.00 0.00 0.00 0.00 0.00 0.00 0.00 0.00 0.00 0.00 0.00 0.00 
130.00 -32.00 -67.00 37.00 -3.00 -6.00 -31.00 -78.00 -5.00 -3.00 -12.00 -17.00 -9.00 -17.00 0.00 -8.00 -5.00 36.00 -7.00 -1.00 0.00 0.00 0.00 0.00 0.00 0.00 0.00 0.00 0.00 0.00 0.00 0.00 0.00 0.00 0.00 0.00 0.00 0.00 0.00 0.00 
154.00 -32.00 -48.00 -6.00 -3.00 -6.00 -25.00 -7.00 -10.00 -2.00 -12.00 -17.00 -18.00 3.00 0.00 -8.00 -5.00 22.00 -7.00 -1.00 0.00 0.00 0.00 0.00 0.00 0.00 0.00 0.00 0.00 0.00 0.00 0.00 0.00 0.00 0.00 0.00 0.00 0.00 0.00 0.00 
173.00 -32.00 -8.00 -6.00 -3.00 -6.00 10.00 -1.00 -10.00 -2.00 54.00 -11.00 -7.00 10.00 -1.00 -18.00 9.00 3.00 3.00 -11.00 0.00 0.00 0.00 0.00 0.00 0.00 0.00 0.00 0.00 0.00 0.00 0.00 0.00 0.00 0.00 0.00 0.00 0.00 0.00 0.00 
189.00 -39.00 -8.00 -6.00 -3.00 -6.00 10.00 -1.00 -10.00 -2.00 -1.00 -4.00 -3.00 18.00 -11.00 -23.00 -3.00 3.00 -4.00 -15.00 0.00 0.00 0.00 0.00 0.00 0.00 0.00 0.00 0.00 0.00 0.00 0.00 0.00 0.00 0.00 0.00 0.00 0.00 0.00 0.00 
189.00 -39.00 -8.00 -6.00 -3.00 -6.00 10.00 -1.00 -10.00 -2.00 44.00 -9.00 -3.00 18.00 -11.00 -23.00 -3.00 3.00 -4.00 -15.00 0.00 0.00 0.00 0.00 0.00 0.00 0.00 0.00 0.00 0.00 0.00 0.00 0.00 0.00 0.00 0.00 0.00 0.00 0.00 0.00 
189.00 -39.00 -8.00 -6.00 -3.00 -6.00 10.00 -1.00 -10.00 -2.00 -56.00 -15.00 -3.00 18.00 -11.00 -23.00 -3.00 3.00 -4.00 -15.00 0.00 0.00 0.00 0.00 0.00 0.00 0.00 0.00 0.00 0.00 0.00 0.00 0.00 0.00 0.00 0.00 0.00 0.00 0.00 0.00 
189.00 -39.00 -8.00 -6.00 -3.00 -6.00 10.00 -1.00 -10.00 -2.00 -6.00 -11.00 -3.00 18.00 -11.00 -23.00 -3.00 3.00 -4.00 -15.00 0.00 0.00 0.00 0.00 0.00 0.00 0.00 0.00 0.00 0.00 0.00 0.00 0.00 0.00 0.00 0.00 0.00 0.00 0.00 0.00 
183.00 -21.00 0.00 0.00 0.00 0.00 0.00 0.00 0.00 0.00 0.00 0.00 0.00 0.00 0.00 0.00 0.00 0.00 0.00 0.00 0.00 0.00 0.00 0.00 0.00 0.00 0.00 0.00 0.00 0.00 0.00 0.00 0.00 0.00 0.00 0.00 0.00 0.00 0.00 0.00 
227.00 -26.00 0.00 0.00 0.00 0.00 0.00 0.00 0.00 0.00 0.00 0.00 0.00 0.00 0.00 0.00 0.00 0.00 0.00 0.00 0.00 0.00 0.00 0.00 0.00 0.00 0.00 0.00 0.00 0.00 0.00 0.00 0.00 0.00 0.00 0.00 0.00 0.00 0.00 0.00 
136.00 -24.00 0.00 0.00 0.00 0.00 0.00 0.00 0.00 0.00 0.00 0.00 0.00 0.00 0.00 0.00 0.00 0.00 0.00 0.00 0.00 0.00 0.00 0.00 0.00 0.00 0.00 0.00 0.00 0.00 0.00 0.00 0.00 0.00 0.00 0.00 0.00 0.00 0.00 0.00 
180.00 -29.00 0.00 0.00 0.00 0.00 0.00 0.00 0.00 0.00 0.00 0.00 0.00 0.00 0.00 0.00 0.00 0.00 0.00 0.00 0.00 0.00 0.00 0.00 0.00 0.00 0.00 0.00 0.00 0.00 0.00 0.00 0.00 0.00 0.00 0.00 0.00 0.00 0.00 0.00 
130.00 -32.00 0.00 0.00 0.00 0.00 0.00 0.00 0.00 0.00 0.00 0.00 0.00 0.00 0.00 0.00 0.00 0.00 0.00 0.00 0.00 0.00 0.00 0.00 0.00 0.00 0.00 0.00 0.00 0.00 0.00 0.00 0.00 0.00 0.00 0.00 0.00 0.00 0.00 0.00 
130.00 -32.00 17.00 -49.00 8.00 -15.00 -4.00 15.00 -6.00 9.00 -12.00 -17.00 -22.00 34.00 -6.00 18.00 -9.00 -25.00 -3.00 -12.00 0.00 0.00 0.00 0.00 0.00 0.00 0.00 0.00 0.00 0.00 0.00 0.00 0.00 0.00 0.00 0.00 0.00 0.00 0.00 0.00 
130.00 -32.00 -67.00 37.00 -3.00 -6.00 -31.00 -78.00 -5.00 -3.00 -12.00 -17.00 -9.00 -17.00 0.00 -8.00 -5.00 36.00 -7.00 -1.00 0.00 0.00 0.00 0.00 0.00 0.00 0.00 0.00 0.00 0.00 0.00 0.00 0.00 0.00 0.00 0.00 0.00 0.00 0.00 0.00 
154.00 -32.00 -48.00 -6.00 -3.00 -6.00 -25.00 -7.00 -10.00 -2.00 -12.00 -17.00 -18.00 3.00 0.00 -8.00 -5.00 22.00 -7.00 -1.00 0.00 0.00 0.00 0.00 0.00 0.00 0.00 0.00 0.00 0.00 0.00 0.00 0.00 0.00 0.00 0.00 0.00 0.00 0.00 0.00 
173.00 -32.00 -8.00 -6.00 -3.00 -6.00 10.00 -1.00 -10.00 -2.00 54.00 -11.00 -7.00 10.00 -1.00 -18.00 9.00 3.00 3.00 -11.00 0.00 0.00 0.00 0.00 0.00 0.00 0.00 0.00 0.00 0.00 0.00 0.00 0.00 0.00 0.00 0.00 0.00 0.00 0.00 0.00 
189.00 -39.00 -8.00 -6.00 -3.00 -6.00 10.00 -1.00 -10.00 -2.00 -1.00 -4.00 -3.00 18.00 -11.00 -23.00 -3.00 3.00 -4.00 -15.00 0.00 0.00 0.00 0.00 0.00 0.00 0.00 0.00 0.00 0.00 0.00 0.00 0.00 0.00 0.00 0.00 0.00 0.00 0.00 0.00 
189.00 -39.00 -8.00 -6.00 -3.00 -6.00 10.00 -1.00 -10.00 -2.00 44.00 -9.00 -3.00 18.00 -11.00 -23.00 -3.00 3.00 -4.00 -15.00 0.00 0.00 0.00 0.00 0.00 0.00 0.00 0.00 0.00 0.00 0.00 0.00 0.00 0.00 0.00 0.00 0.00 0.00 0.00 0.00 
189.00 -39.00 -8.00 -6.00 -3.00 -6.00 10.00 -1.00 -10.00 -2.00 -56.00 -15.00 -3.00 18.00 -11.00 -23.00 -3.00 3.00 -4.00 -15.00 0.00 0.00 0.00 0.00 0.00 0.00 0.00 0.00 0.00 0.00 0.00 0.00 0.00 0.00 0.00 0.00 0.00 0.00 0.00 0.00 
189.00 -39.00 -8.00 -6.00 -3.00 -6.00 10.00 -1.00 -10.00 -2.00 -6.00 -11.00 -3.00 18.00 -11.00 -23.00 -3.00 3.00 -4.00 -15.00 0.00 0.00 0.00 0.00 0.00 0.00 0.00 0.00 0.00 0.00 0.00 0.00 0.00 0.00 0.00 0.00 0.00 0.00 0.00 0.00 
